6 0.21397713068369048 0.2734375 0.34074950527500575 0.14140625
7 0.626272579141563 0.28515625 0.29036372158978574 0.1640625
4 0.215954867698047 0.4734375 0.39946598620028234 0.1484375
1 0.7405457646137918 0.496875 0.46852567775829607 0.2109375
3 0.8251579127440575 0.08046875 0.284059174511885 0.1609375
6 0.599031789367263 0.05546875 0.20818642126547413 0.1109375
4 0.4513931302766534 0.09921875 0.17224892126547414 0.1109375
8 0.3434403084419864 0.0625 0.1389727711033184 0.084375
5 0.15125280844198638 0.0625 0.12633640340856664 0.0765625
1 0.26124146306836904 0.02734375 0.1368920738632619 0.0546875
7 0.2317255125819017 0.10703125 0.1151494874180983 0.10703125
5 0.2564905442418222 0.70234375 0.4798898717519415 0.190625
8 0.16190692695410758 0.884375 0.3100722495929629 0.17421875
3 0.6839433883976236 0.69609375 0.4009836217519414 0.190625