6 0.21875 0.2734375 0.33828125 0.14140625
7 0.63125 0.28515625 0.2875 0.1640625
4 0.22421875 0.4734375 0.396875 0.1484375
1 0.74921875 0.496875 0.46484375 0.2109375
3 0.8265625 0.08046875 0.28125 0.1609375
6 0.6 0.05546875 0.20625 0.1109375
4 0.453125 0.09921875 0.1703125 0.1109375
8 0.34453125 0.0625 0.1375 0.084375
5 0.15234375 0.0625 0.125 0.0765625
1 0.26171875 0.02734375 0.1359375 0.0546875
7 0.23359375 0.10703125 0.11328125 0.10703125
5 0.26875 0.70234375 0.4765625 0.190625
8 0.17734375 0.884375 0.30703125 0.17421875
3 0.69609375 0.69609375 0.39765625 0.190625