6 0.22511432845659746 0.2836259449948201 0.3415725170018404 0.15716195243841807
7 0.6378870853904516 0.31455719127076637 0.2913185970739585 0.17745302770747778
4 0.23523813012770872 0.48388065611969056 0.40032992116215294 0.16692225020488785
1 0.7607836439954171 0.5317704241072587 0.46975337480937523 0.23258794561399262
3 0.8284354309457986 0.11896651715899856 0.28499586189159737 0.17403692927905431
6 0.6012910494869098 0.08341419912864924 0.20883209897381966 0.12054374813797317
4 0.4554343420399654 0.12032338606069866 0.17289459897381948 0.11886993217453848
8 0.3459859536472223 0.07854680086684156 0.13946384992375 0.09077916542531543
5 0.15379845364722228 0.0695955241928211 0.12678201196784727 0.0823844685684686
1 0.26235518284565973 0.03953349669023112 0.1372103656913195 0.06101889081820959
7 0.23608492999586814 0.11791105376232566 0.11577242999586819 0.11230740901517464
5 0.2850972322356603 0.7148609824222075 0.48099934612402795 0.2128212551672865
8 0.19792780660819517 0.8926349179065148 0.31108623641663213 0.18851896029630097
3 0.7122955118709381 0.7285148374656595 0.4020930961240278 0.2091461375084407